	Alicante_bouschet	Aligot	Almeria	Aramon	Bclan	Black_corinth	Burger	Cabernet_franc	Cabernet_sauvignon	Calmeria	Cardinal	Carignane	Chardonnay	Chasselas_cioutat	Chasselas_dor	Chenin_blanc	Cinsaut	Clairette_blanche	Colombard	Cornichon	Dabouki	Dattier	Durif	Emperor	Flame_tokay	Folle_blanche	Gamay_noir	Gewrtztraminer	Grand_noir	Grenache	Italia	Malbec	Mataro	Melon	Merlot	Meunier	Mller-Thurgau	Mondeuse	Muscat_blanc	Muscat_hamburg	Muscat_of_alexandria	Olivette_blanche	Olivette_noire	Perla_di_csaba	Perlette	Pinot_noir	Ribier	Saint_milion	Sauvignon_blanc	Sauvignon_vert	Smillon	Sylvaner	Syrah	Tannat	Terret_gris	Thompson_seedless	Traminer	Truosseau	White_riesling	Zinfandel
Alicante_bouschet	0	0.098196375	0.079377528	0.140030892	0.105041405	0.064936517	0.138021948	0.10136635	0.152986356	0.116732531	0.079109756	0.131209818	0.113228183	0.306445381	0.135515639	0.121489285	0.103990063	0.080891184	0.135446463	0.105074695	0.095957844	0.054804104	0.119584155	0.11004546	0.093060259	0.113300635	0.166898254	0.125615534	0.104508487	0.155184473	0.116889563	0.079517539	0.111054755	0.070937264	0.118489045	0.11339302	0.164833496	0.082795916	0.075871419	0.099448083	0.13113648	0.081508597	0.099443234	0.119134506	0.100791416	0.081787766	0.075173214	0.121095469	0.112206032	0.130517504	0.103124848	0.127575768	0.117941919	0.079908749	0.101853491	0.103302102	0.081249956	0.103479531	0.10424383	0.243268454
Aligot	0.098196375	0	0.154435814	0.110151403	0.170851371	0.093767031	0.207788732	0.164898173	0.190583429	0.105018982	0.116082371	0.154636801	0.059110754	0.347928323	0.189126504	0.138508166	0.147027229	0.144905559	0.106243568	0.161747899	0.157094981	0.070029916	0.162154908	0.17390063	0.074359758	0.174324979	0.211760994	0.178240009	0.159847344	0.164209101	0.181384787	0.088828276	0.156676325	0.067814742	0.14255	0.180524707	0.206058422	0.134281683	0.133667178	0.147109302	0.188501766	0.147359337	0.144213475	0.083067726	0.094456197	0.076320703	0.106340082	0.155151697	0.132511377	0.079971986	0.133108757	0.103455628	0.156259482	0.090060449	0.144851458	0.110284188	0.087948165	0.092706277	0.164880833	0.26317773
Almeria	0.079377528	0.154435814	0	0.185600084	0.071151717	0.114660331	0.107825473	0.080109985	0.125620503	0.146544538	0.102938271	0.123082254	0.159234871	0.261366661	0.093570389	0.121902363	0.090685855	0.058949464	0.163615706	0.075805218	0.075227208	0.109221734	0.096802142	0.088691409	0.13740873	0.101379929	0.128945223	0.156813847	0.090972332	0.157105997	0.089482802	0.129747788	0.118804403	0.130188629	0.116116993	0.077984556	0.138063034	0.090845688	0.056578641	0.092712465	0.085285598	0.083664654	0.088921388	0.17176744	0.143228768	0.140087691	0.085245487	0.106097887	0.107464127	0.178294484	0.114273395	0.182892522	0.099952234	0.12139454	0.088591385	0.133923738	0.143585812	0.164832341	0.106884492	0.216910088
Aramon	0.140030892	0.110151403	0.185600084	0	0.185236306	0.162105688	0.218794512	0.178980114	0.181627841	0.087515072	0.131130285	0.157502555	0.084938401	0.355917826	0.205123774	0.135476423	0.150243074	0.182750726	0.073275648	0.167599812	0.177580063	0.11178291	0.173717506	0.180566918	0.097602034	0.203817156	0.220740882	0.221283051	0.153031135	0.140760136	0.204470052	0.105515654	0.144014111	0.09746892	0.130715198	0.20321099	0.210270224	0.128369265	0.157967342	0.14496083	0.207570156	0.167777633	0.140728415	0.092908656	0.10417115	0.110958186	0.136680182	0.139407522	0.14693226	0.055851043	0.121243419	0.082449784	0.158207424	0.107599413	0.160123263	0.121550565	0.126298103	0.094237191	0.193146847	0.246414512
Bclan	0.105041405	0.170851371	0.071151717	0.185236306	0	0.135593098	0.099640093	0.064132388	0.099689771	0.145527565	0.105366816	0.116108478	0.16753596	0.248031151	0.073975229	0.122287609	0.096678831	0.07099649	0.169957326	0.061192841	0.060551451	0.121415069	0.080453115	0.084727241	0.145725567	0.089416469	0.097894811	0.16192244	0.092523092	0.161301074	0.081479861	0.134695984	0.110457438	0.136569765	0.100476549	0.072878267	0.112368609	0.090342069	0.077842315	0.098115403	0.065034468	0.07967599	0.077776355	0.174232313	0.146729114	0.144148936	0.092720713	0.097933261	0.11061605	0.183372667	0.102543161	0.187841228	0.093307787	0.129065639	0.082190426	0.136513942	0.154100667	0.170965501	0.113152545	0.19375342
Black_corinth	0.064936517	0.093767031	0.114660331	0.162105688	0.135593098	0	0.165952821	0.132505724	0.180211876	0.145065464	0.102367394	0.152059585	0.129338249	0.32358847	0.167694879	0.151124677	0.134886589	0.10344753	0.160847703	0.139266362	0.122285616	0.070235939	0.143961666	0.144889678	0.1136004	0.133501644	0.191816734	0.12375121	0.142124378	0.187396056	0.140866994	0.101411775	0.153323078	0.087687326	0.147259798	0.140648735	0.187037254	0.129264332	0.109449312	0.144820938	0.158043229	0.116409219	0.137006429	0.121787818	0.127357586	0.098836175	0.105035783	0.159067859	0.138158933	0.146104144	0.13343101	0.137142423	0.151192762	0.111352193	0.137359666	0.132496803	0.091775826	0.109075949	0.114879142	0.260688297
Burger	0.138021948	0.207788732	0.107825473	0.218794512	0.099640093	0.165952821	0	0.095570338	0.143256762	0.179273529	0.111426245	0.173418119	0.207829766	0.224843558	0.10763308	0.168355189	0.115943313	0.121612409	0.201463289	0.101773295	0.096671885	0.157209374	0.103186989	0.14470299	0.181283512	0.09220486	0.158499438	0.168591164	0.117983168	0.203594651	0.116054403	0.155607171	0.128104159	0.177780175	0.15390708	0.090302909	0.176830116	0.123467345	0.1109988	0.118442707	0.123144766	0.10143157	0.138122389	0.20624725	0.198914802	0.177821312	0.144513409	0.143169259	0.161821713	0.218486651	0.115070876	0.221254845	0.1039358	0.151597319	0.127125955	0.182316281	0.17407582	0.208754237	0.161541408	0.244702765
Cabernet_franc	0.10136635	0.164898173	0.080109985	0.178980114	0.064132388	0.132505724	0.095570338	0	0.095033226	0.140200455	0.09853774	0.116588941	0.164468411	0.261448633	0.061753261	0.111898003	0.100669775	0.071453847	0.164656076	0.070913962	0.037050676	0.119373764	0.06819447	0.076440137	0.1486228	0.068442422	0.105119491	0.139037288	0.072391586	0.153962573	0.059469322	0.119932032	0.083810278	0.12640949	0.100990314	0.066258663	0.107172767	0.075997918	0.08695387	0.096297094	0.083709713	0.067057106	0.091281308	0.160680699	0.146442235	0.130585981	0.089352287	0.092457713	0.105833319	0.182707405	0.101313831	0.181110866	0.095257725	0.122444126	0.081032905	0.134834413	0.13687531	0.168385213	0.104885154	0.203469846
Cabernet_sauvignon	0.152986356	0.190583429	0.125620503	0.181627841	0.099689771	0.180211876	0.143256762	0.095033226	0	0.154744384	0.130844716	0.07778065	0.178229305	0.262498207	0.091735776	0.103985007	0.098307124	0.114153937	0.157398456	0.096489085	0.096507822	0.150791956	0.086471571	0.109975042	0.167456468	0.142073204	0.083443069	0.212390933	0.092833557	0.134331007	0.11933153	0.161059279	0.129240131	0.155686716	0.075975292	0.121588084	0.088511566	0.114541186	0.117600239	0.133713427	0.086071732	0.132777708	0.096842471	0.177594067	0.158976101	0.176697332	0.113157846	0.07851404	0.102651729	0.189527233	0.126262222	0.188007907	0.114609312	0.155348286	0.098432101	0.169277353	0.191871504	0.185781032	0.143003036	0.122634416
Calmeria	0.116732531	0.105018982	0.146544538	0.087515072	0.145527565	0.145065464	0.179273529	0.140200455	0.154744384	0	0.110821534	0.144271365	0.074607692	0.302905347	0.153680911	0.1067949	0.121530308	0.143935489	0.074841493	0.125957902	0.135733686	0.090613041	0.130788153	0.149971535	0.070845294	0.161546413	0.184169961	0.200264541	0.122402478	0.120807157	0.161990226	0.094553911	0.10530726	0.095927849	0.108474433	0.158215124	0.18514153	0.096979443	0.119076983	0.101869284	0.165375507	0.124707292	0.106252656	0.108904433	0.091097783	0.093088565	0.094889258	0.106768275	0.111448158	0.081389699	0.090847942	0.128058896	0.105765584	0.075955152	0.115039243	0.077402134	0.115268768	0.124955801	0.182447515	0.231978718
Cardinal	0.079109756	0.116082371	0.102938271	0.131130285	0.105366816	0.102367394	0.111426245	0.09853774	0.130844716	0.110821534	0	0.127587569	0.120200886	0.283020167	0.131614851	0.130240784	0.082241693	0.103261424	0.126034663	0.103053702	0.09660343	0.073698231	0.098247809	0.136004655	0.102645334	0.11718922	0.16620456	0.149979611	0.105599215	0.165305504	0.133991188	0.073881231	0.10904912	0.090244109	0.111540604	0.12230881	0.17179233	0.081810225	0.083651218	0.098685676	0.133939731	0.092910764	0.107688869	0.119734841	0.127046953	0.104913684	0.094135377	0.110105967	0.123417869	0.129286333	0.073008034	0.129319503	0.098096294	0.078186472	0.110084002	0.13183779	0.105230313	0.123082055	0.133742877	0.228311297
Carignane	0.131209818	0.154636801	0.123082254	0.157502555	0.116108478	0.152059585	0.173418119	0.116588941	0.07778065	0.144271365	0.127587569	0	0.15104247	0.305144607	0.125304521	0.091408502	0.088628562	0.103805251	0.13596165	0.113513777	0.1120446	0.127893036	0.113987029	0.108373246	0.142033349	0.157317318	0.109218491	0.20659836	0.104070039	0.120724691	0.135480188	0.143412503	0.147913322	0.123786611	0.060581375	0.1417271	0.097840036	0.116805781	0.109804976	0.140712298	0.107758707	0.140374913	0.089707191	0.151804198	0.128382801	0.160867242	0.092568927	0.082421863	0.087390653	0.160528959	0.133657924	0.151632738	0.132559877	0.145898618	0.098565899	0.155100932	0.177237033	0.149433734	0.117526824	0.139278085
Chardonnay	0.113228183	0.059110754	0.159234871	0.084938401	0.16753596	0.129338249	0.207829766	0.164468411	0.178229305	0.074607692	0.120200886	0.15104247	0	0.331962852	0.182062639	0.124572436	0.139904261	0.15397376	0.077018391	0.153576816	0.160061711	0.080393857	0.156288894	0.169761478	0.061838552	0.182934792	0.205768537	0.205795627	0.153233404	0.139668213	0.185730144	0.095574842	0.139737083	0.079383055	0.12975883	0.183782229	0.202508646	0.121948798	0.131707212	0.127900218	0.184558893	0.149368616	0.132169741	0.095925786	0.085221293	0.080867737	0.102547322	0.133182532	0.124433344	0.057158227	0.122764122	0.111279936	0.139935915	0.075617094	0.136870851	0.093147077	0.104677835	0.106563983	0.183011258	0.248272346
Chasselas_cioutat	0.306445381	0.347928323	0.261366661	0.355917826	0.248031151	0.32358847	0.224843558	0.261448633	0.262498207	0.302905347	0.283020167	0.305144607	0.331962852	0	0.232192363	0.2913255	0.260529133	0.272664432	0.324380443	0.245706603	0.258569963	0.313287985	0.243024373	0.289679332	0.308294478	0.257464894	0.271819319	0.350644088	0.276015577	0.303074676	0.259911229	0.31759514	0.26959735	0.335140631	0.285808728	0.245190814	0.297557463	0.283492231	0.253062888	0.248342201	0.239051384	0.26284639	0.271229965	0.359789782	0.336213083	0.327439533	0.279804795	0.265269564	0.281376194	0.347708606	0.269515967	0.382640124	0.228002969	0.294933886	0.261069284	0.303777203	0.334594538	0.36900709	0.329884433	0.310244402
Chasselas_dor	0.135515639	0.189126504	0.093570389	0.205123774	0.073975229	0.167694879	0.10763308	0.061753261	0.091735776	0.153680911	0.131614851	0.125304521	0.182062639	0.232192363	0	0.113296193	0.113170703	0.0869169	0.17532538	0.076708909	0.061803184	0.148450091	0.07007171	0.09372269	0.16516692	0.08736961	0.082212414	0.181193166	0.089627972	0.150406717	0.072170534	0.155121091	0.105503045	0.159668478	0.107654383	0.06713275	0.10541176	0.101145735	0.099793635	0.105093129	0.066806367	0.092767836	0.098845006	0.189934216	0.162156921	0.160725328	0.100706495	0.095925946	0.104539484	0.20250421	0.121309599	0.21388673	0.088896469	0.142403698	0.073222473	0.147465759	0.173848157	0.202589085	0.141804517	0.187173062
Chenin_blanc	0.121489285	0.138508166	0.121902363	0.135476423	0.122287609	0.151124677	0.168355189	0.111898003	0.103985007	0.1067949	0.130240784	0.091408502	0.124572436	0.2913255	0.113296193	0	0.105368205	0.11403444	0.098584382	0.0917528	0.101665488	0.117884338	0.098498827	0.107685855	0.115936697	0.139846198	0.124647681	0.204202744	0.08103186	0.066937388	0.11664964	0.128577466	0.108289296	0.118926686	0.061787052	0.117896358	0.115150436	0.097972353	0.104430929	0.108695648	0.112790546	0.118179845	0.070007953	0.131530077	0.101204107	0.130193139	0.076247619	0.07982617	0.049056464	0.132649725	0.105563832	0.152622213	0.100185173	0.118713809	0.06744461	0.108154667	0.14781809	0.143405979	0.148883319	0.17730153
Cinsaut	0.103990063	0.147027229	0.090685855	0.150243074	0.096678831	0.134886589	0.115943313	0.100669775	0.098307124	0.121530308	0.082241693	0.088628562	0.139904261	0.260529133	0.113170703	0.105368205	0	0.091543144	0.125754055	0.086214012	0.097661804	0.106051674	0.095404999	0.11423	0.116263695	0.130725549	0.140144532	0.193547548	0.086267824	0.132971678	0.127710943	0.116958835	0.119839079	0.119011954	0.079044509	0.116918727	0.145314231	0.090142452	0.059808645	0.092134636	0.107959319	0.106606829	0.08145484	0.155219183	0.135092047	0.146325103	0.082149286	0.073342823	0.099955412	0.14819079	0.091201976	0.155430728	0.082380904	0.110522612	0.085469544	0.137859028	0.155042059	0.149809677	0.13204443	0.189525458
Clairette_blanche	0.080891184	0.144905559	0.058949464	0.182750726	0.07099649	0.10344753	0.121612409	0.071453847	0.114153937	0.143935489	0.103261424	0.103805251	0.15397376	0.272664432	0.0869169	0.11403444	0.091543144	0	0.162295743	0.090555812	0.062959017	0.102051142	0.093115208	0.075557927	0.130055986	0.091002106	0.112289767	0.143768817	0.088406091	0.153389602	0.081105941	0.122225887	0.121145656	0.112287049	0.099792875	0.07980255	0.121118094	0.08954678	0.068069785	0.108869196	0.078747434	0.078514594	0.088068042	0.158705467	0.12866558	0.133023568	0.072217318	0.101526035	0.097288821	0.173760412	0.120859917	0.169964901	0.108661505	0.117229285	0.074384985	0.130211117	0.141984891	0.153429529	0.086638783	0.201171236
Colombard	0.135446463	0.106243568	0.163615706	0.073275648	0.169957326	0.160847703	0.201463289	0.164656076	0.157398456	0.074841493	0.126034663	0.13596165	0.077018391	0.324380443	0.17532538	0.098584382	0.125754055	0.162295743	0	0.145182785	0.157365552	0.109813123	0.14847422	0.16663032	0.085409999	0.186517632	0.193388764	0.227240773	0.130913997	0.107409773	0.183757005	0.108015576	0.136624866	0.105092401	0.106273786	0.177577217	0.191097165	0.118716243	0.135817915	0.127789344	0.178997525	0.152728212	0.117828988	0.099467608	0.092130404	0.120165171	0.112334047	0.116837916	0.113463915	0.063196221	0.107610443	0.108858278	0.127374158	0.09746122	0.125923782	0.106300546	0.137605384	0.119906956	0.192354641	0.22183373
Cornichon	0.105074695	0.161747899	0.075805218	0.167599812	0.061192841	0.139266362	0.101773295	0.070913962	0.096489085	0.125957902	0.103053702	0.113513777	0.153576816	0.245706603	0.076708909	0.0917528	0.086214012	0.090555812	0.145182785	0	0.062359361	0.116285281	0.060712626	0.098885477	0.134272508	0.099794744	0.113378173	0.179412274	0.080652074	0.127790119	0.081164536	0.131726542	0.094711093	0.137436265	0.087691051	0.070776873	0.119392429	0.087515337	0.068536252	0.079296075	0.075771754	0.082972375	0.062262402	0.163020505	0.140272782	0.135611163	0.081498722	0.085117949	0.0846287	0.167227277	0.078574452	0.183236117	0.064651398	0.119370167	0.069621484	0.126259143	0.145195321	0.166347056	0.135443365	0.194423397
Dabouki	0.095957844	0.157094981	0.075227208	0.177580063	0.060551451	0.122285616	0.096671885	0.037050676	0.096507822	0.135733686	0.09660343	0.1120446	0.160061711	0.258569963	0.061803184	0.101665488	0.097661804	0.062959017	0.157365552	0.062359361	0	0.111958691	0.060505818	0.08059649	0.141045867	0.062014401	0.099655528	0.1376326	0.070059205	0.148213667	0.048622181	0.116970226	0.093077888	0.123082678	0.094125933	0.052686851	0.105974769	0.082757373	0.081802541	0.101589326	0.07521576	0.061440723	0.082599698	0.150029211	0.138380616	0.127484563	0.080537073	0.097815463	0.095304617	0.175553737	0.094902732	0.176526671	0.090078561	0.120095488	0.06994739	0.128224202	0.134141723	0.161112695	0.106698558	0.198337038
Dattier	0.054804104	0.070029916	0.109221734	0.11178291	0.121415069	0.070235939	0.157209374	0.119373764	0.150791956	0.090613041	0.073698231	0.127893036	0.080393857	0.313287985	0.148450091	0.117884338	0.106051674	0.102051142	0.109813123	0.116285281	0.111958691	0	0.122057064	0.13100699	0.067126126	0.137683045	0.174728573	0.150157478	0.115232049	0.147363817	0.140383701	0.074780664	0.118187841	0.053200399	0.111969003	0.137190334	0.17513186	0.089548449	0.088972356	0.109186147	0.145367162	0.103815303	0.104287746	0.091065107	0.083952806	0.068509706	0.074837524	0.118813419	0.109547246	0.098707969	0.096884523	0.103025247	0.117575858	0.060473304	0.110050625	0.098353375	0.079421309	0.082471122	0.129691206	0.232317818
Durif	0.119584155	0.162154908	0.096802142	0.173717506	0.080453115	0.143961666	0.103186989	0.06819447	0.086471571	0.130788153	0.098247809	0.113987029	0.156288894	0.243024373	0.07007171	0.098498827	0.095404999	0.093115208	0.14847422	0.060712626	0.060505818	0.122057064	0	0.115829428	0.141050456	0.091017917	0.111632772	0.174814401	0.089652188	0.136940573	0.08665805	0.130842312	0.099104244	0.139637716	0.090511359	0.075260655	0.121959107	0.095211666	0.09048867	0.099041351	0.081406266	0.089907343	0.089173008	0.158226317	0.149356463	0.137185878	0.090273895	0.092498075	0.083761043	0.171982074	0.083115157	0.18418571	0.0687074	0.120926779	0.075364024	0.141414382	0.147028401	0.172875486	0.144067292	0.189703925
Emperor	0.11004546	0.17390063	0.088691409	0.180566918	0.084727241	0.144889678	0.14470299	0.076440137	0.109975042	0.149971535	0.136004655	0.108373246	0.169761478	0.289679332	0.09372269	0.107685855	0.11423	0.075557927	0.16663032	0.098885477	0.08059649	0.13100699	0.115829428	0	0.154661943	0.114242522	0.100663722	0.162683573	0.071800989	0.140520369	0.086352246	0.139646401	0.109363363	0.128846447	0.101027926	0.097909396	0.09411215	0.083622511	0.10046172	0.114417274	0.094022603	0.101161735	0.088668741	0.170184553	0.132173103	0.148597301	0.095358239	0.092807613	0.109214981	0.184299108	0.137031206	0.17766509	0.128073443	0.140357635	0.087965206	0.130544686	0.160528881	0.164271267	0.087838207	0.191422521
Flame_tokay	0.093060259	0.074359758	0.13740873	0.097602034	0.145725567	0.1136004	0.181283512	0.1486228	0.167456468	0.070845294	0.102645334	0.142033349	0.061838552	0.308294478	0.16516692	0.115936697	0.116263695	0.130055986	0.085409999	0.134272508	0.141045867	0.067126126	0.141050456	0.154661943	0	0.160952637	0.194527296	0.193631891	0.135107425	0.132588252	0.165086244	0.085798232	0.125795901	0.074924383	0.114915789	0.160395535	0.196149416	0.106763829	0.104149566	0.107019599	0.162311579	0.119567463	0.107491461	0.104398409	0.073323077	0.084920896	0.087312628	0.122622561	0.112086919	0.071810716	0.103541043	0.112557168	0.117821542	0.059489558	0.112297883	0.080270484	0.102379759	0.098652411	0.170194456	0.240870037
Folle_blanche	0.113300635	0.174324979	0.101379929	0.203817156	0.089416469	0.133501644	0.09220486	0.068442422	0.142073204	0.161546413	0.11718922	0.157317318	0.182934792	0.257464894	0.08736961	0.139846198	0.130725549	0.091002106	0.186517632	0.099794744	0.062014401	0.137683045	0.091017917	0.114242522	0.160952637	0	0.134836676	0.121457921	0.105061213	0.184442072	0.068948775	0.126119374	0.108537347	0.143951144	0.134348339	0.060174325	0.141965634	0.111672942	0.11160823	0.119342455	0.111359343	0.068029568	0.122336281	0.17161624	0.166009207	0.137053811	0.113765801	0.138742024	0.131860908	0.19697981	0.112864754	0.200813818	0.110887482	0.136458361	0.09922954	0.142550066	0.13617255	0.182749397	0.127865657	0.244017798
Gamay_noir	0.166898254	0.211760994	0.128945223	0.220740882	0.097894811	0.191816734	0.158499438	0.105119491	0.083443069	0.184169961	0.16620456	0.109218491	0.205768537	0.271819319	0.082212414	0.124647681	0.140144532	0.112289767	0.193388764	0.113378173	0.099655528	0.174728573	0.111632772	0.100663722	0.194527296	0.134836676	0	0.207371141	0.112605583	0.161820194	0.109910821	0.185367992	0.153879947	0.177512007	0.109882114	0.112805578	0.059429889	0.134848393	0.138933941	0.157471909	0.077261308	0.143160831	0.114493991	0.202536044	0.172006466	0.194892991	0.130328749	0.116509931	0.123174189	0.220061194	0.159220418	0.219486213	0.142129531	0.182032141	0.106020945	0.177967331	0.21138972	0.211080536	0.136973377	0.138436442
Gewrtztraminer	0.125615534	0.178240009	0.156813847	0.221283051	0.16192244	0.12375121	0.168591164	0.139037288	0.212390933	0.200264541	0.149979611	0.20659836	0.205795627	0.350644088	0.181193166	0.204202744	0.193547548	0.143768817	0.227240773	0.179412274	0.1376326	0.150157478	0.174814401	0.162683573	0.193631891	0.121457921	0.207371141	0	0.16747587	0.245995604	0.142942891	0.139063107	0.166947575	0.147669139	0.199154995	0.151143273	0.202936361	0.159906112	0.175203009	0.190447119	0.191841719	0.131114637	0.188062221	0.170129445	0.187322306	0.144580437	0.169025818	0.207035255	0.198262578	0.218187174	0.175852688	0.190334124	0.197688604	0.170029014	0.180108295	0.181562043	0.126272857	0.172041625	0.131479751	0.303258462
Grand_noir	0.104508487	0.159847344	0.090972332	0.153031135	0.092523092	0.142124378	0.117983168	0.072391586	0.092833557	0.122402478	0.105599215	0.104070039	0.153233404	0.276015577	0.089627972	0.08103186	0.086267824	0.088406091	0.130913997	0.080652074	0.070059205	0.115232049	0.089652188	0.071800989	0.135107425	0.105061213	0.112605583	0.16747587	0	0.116904087	0.092997513	0.117773351	0.086743764	0.118416964	0.077357415	0.085548742	0.112503198	0.064614101	0.088840646	0.094756672	0.100361	0.0913341	0.075775727	0.145378454	0.12297172	0.137384565	0.088450197	0.073986995	0.091300879	0.157739961	0.095434125	0.15686434	0.09331	0.116621234	0.071780758	0.122997036	0.146046985	0.148380776	0.116172049	0.18647832
Grenache	0.155184473	0.164209101	0.157105997	0.140760136	0.161301074	0.187396056	0.203594651	0.153962573	0.134331007	0.120807157	0.165305504	0.120724691	0.139668213	0.303074676	0.150406717	0.066937388	0.132971678	0.153389602	0.107409773	0.127790119	0.148213667	0.147363817	0.136940573	0.140520369	0.132588252	0.184442072	0.161820194	0.245995604	0.116904087	0	0.159239936	0.161589961	0.128692822	0.147636431	0.094827863	0.159923337	0.152311311	0.125999295	0.13416353	0.126580289	0.147156052	0.157254906	0.100787684	0.161123834	0.116701194	0.157933132	0.110080107	0.099481433	0.078378292	0.142725803	0.136532719	0.171409513	0.128126838	0.140954297	0.104623134	0.128616818	0.178970194	0.163067307	0.186246522	0.182410954
Italia	0.116889563	0.181384787	0.089482802	0.204470052	0.081479861	0.140866994	0.116054403	0.059469322	0.11933153	0.161990226	0.133991188	0.135480188	0.185730144	0.259911229	0.072170534	0.11664964	0.127710943	0.081105941	0.183757005	0.081164536	0.048622181	0.140383701	0.08665805	0.086352246	0.165086244	0.068948775	0.109910821	0.142942891	0.092997513	0.159239936	0	0.144290273	0.107315241	0.149216329	0.119670102	0.055588159	0.109597683	0.111849869	0.104662874	0.121092865	0.083838547	0.07125979	0.100708571	0.17530248	0.159087092	0.146708175	0.102064228	0.123819536	0.11181626	0.202652994	0.12566248	0.203209843	0.11434348	0.147875672	0.088626046	0.14007798	0.150215278	0.183611926	0.118202405	0.214289203
Malbec	0.079517539	0.088828276	0.129747788	0.105515654	0.134695984	0.101411775	0.155607171	0.119932032	0.161059279	0.094553911	0.073881231	0.143412503	0.095574842	0.31759514	0.155121091	0.128577466	0.116958835	0.122225887	0.108015576	0.131726542	0.116970226	0.074780664	0.130842312	0.139646401	0.085798232	0.126119374	0.185367992	0.139063107	0.117773351	0.161589961	0.144290273	0	0.108994908	0.057896187	0.120162146	0.142820761	0.18182332	0.090357607	0.113362739	0.114274064	0.16402309	0.099798047	0.117853554	0.083794216	0.10092947	0.073149566	0.098624979	0.127846222	0.130344246	0.097824069	0.091789713	0.102457673	0.125885314	0.071115146	0.119764054	0.098963964	0.072869293	0.098093408	0.138632571	0.253066457
Mataro	0.111054755	0.156676325	0.118804403	0.144014111	0.110457438	0.153323078	0.128104159	0.083810278	0.129240131	0.10530726	0.10904912	0.147913322	0.139737083	0.26959735	0.105503045	0.108289296	0.119839079	0.121145656	0.136624866	0.094711093	0.093077888	0.118187841	0.099104244	0.109363363	0.125795901	0.108537347	0.153879947	0.166947575	0.086743764	0.128692822	0.107315241	0.108994908	0	0.120769647	0.114652336	0.109644707	0.152357578	0.067446948	0.10491904	0.071966055	0.127895778	0.083124648	0.099727594	0.14976331	0.125908814	0.107210422	0.097321176	0.096862776	0.113135082	0.152613149	0.091595321	0.17034397	0.094012597	0.097832644	0.093138477	0.102209025	0.118528385	0.156078036	0.15465412	0.227515512
Melon	0.070937264	0.067814742	0.130188629	0.09746892	0.136569765	0.087687326	0.177780175	0.12640949	0.155686716	0.095927849	0.090244109	0.123786611	0.079383055	0.335140631	0.159668478	0.118926686	0.119011954	0.112287049	0.105092401	0.137436265	0.123082678	0.053200399	0.139637716	0.128846447	0.074924383	0.143951144	0.177512007	0.147669139	0.118416964	0.147636431	0.149216329	0.057896187	0.120769647	0	0.109805586	0.152583534	0.170125962	0.092365933	0.111681297	0.123810862	0.159614418	0.113487196	0.112698405	0.076290015	0.071506176	0.067736003	0.084405403	0.121409541	0.118126593	0.08931885	0.112325496	0.079790261	0.139054091	0.073627512	0.117438462	0.094998427	0.082049256	0.068124896	0.122484528	0.234208573
Merlot	0.118489045	0.14255	0.116116993	0.130715198	0.100476549	0.147259798	0.15390708	0.100990314	0.075975292	0.108474433	0.111540604	0.060581375	0.12975883	0.285808728	0.107654383	0.061787052	0.079044509	0.099792875	0.106273786	0.087691051	0.094125933	0.111969003	0.090511359	0.101027926	0.114915789	0.134348339	0.109882114	0.199154995	0.077357415	0.094827863	0.119670102	0.120162146	0.114652336	0.109805586	0	0.119188199	0.105246742	0.089960922	0.095388282	0.108488108	0.103238166	0.113486184	0.058535148	0.132151571	0.108086912	0.13555442	0.075231505	0.059333113	0.06327223	0.132692026	0.093086707	0.14106787	0.096010625	0.116669501	0.069997476	0.120740395	0.154252918	0.136753009	0.131276214	0.155621105
Meunier	0.11339302	0.180524707	0.077984556	0.20321099	0.072878267	0.140648735	0.090302909	0.066258663	0.121588084	0.158215124	0.12230881	0.1417271	0.183782229	0.245190814	0.06713275	0.117896358	0.116918727	0.07980255	0.177577217	0.070776873	0.052686851	0.137190334	0.075260655	0.097909396	0.160395535	0.060174325	0.112805578	0.151143273	0.085548742	0.159923337	0.055588159	0.142820761	0.109644707	0.152583534	0.119188199	0	0.125171343	0.104160042	0.094859238	0.108047405	0.08198121	0.07258965	0.098710847	0.179522587	0.160378248	0.150429407	0.1052356	0.121548453	0.109504812	0.198021223	0.108947645	0.203552761	0.091804408	0.139488799	0.079014931	0.142677704	0.153023874	0.185940104	0.129623801	0.218691821
Mller-Thurgau	0.164833496	0.206058422	0.138063034	0.210270224	0.112368609	0.187037254	0.176830116	0.107172767	0.088511566	0.18514153	0.17179233	0.097840036	0.202508646	0.297557463	0.10541176	0.115150436	0.145314231	0.121118094	0.191097165	0.119392429	0.105974769	0.17513186	0.121959107	0.09411215	0.196149416	0.141965634	0.059429889	0.202936361	0.112503198	0.152311311	0.109597683	0.18182332	0.152357578	0.170125962	0.105246742	0.125171343	0	0.139061162	0.145818942	0.163626096	0.09896273	0.14936076	0.116099553	0.193470705	0.169406084	0.188760046	0.129063251	0.11784838	0.11847866	0.215218865	0.163362006	0.209847305	0.156340082	0.188898768	0.115279482	0.176376052	0.203606556	0.199781727	0.121600712	0.146620148
Mondeuse	0.082795916	0.134281683	0.090845688	0.128369265	0.090342069	0.129264332	0.123467345	0.075997918	0.114541186	0.096979443	0.081810225	0.116805781	0.121948798	0.283492231	0.101145735	0.097972353	0.090142452	0.08954678	0.118716243	0.087515337	0.082757373	0.089548449	0.095211666	0.083622511	0.106763829	0.111672942	0.134848393	0.159906112	0.064614101	0.125999295	0.111849869	0.090357607	0.067446948	0.092365933	0.089960922	0.104160042	0.139061162	0	0.078725787	0.064505383	0.113756409	0.082762842	0.078172622	0.132520401	0.101038695	0.104952224	0.077463818	0.071533724	0.098402474	0.133877958	0.084283772	0.139727766	0.0886202	0.078773051	0.077131174	0.101707567	0.118584714	0.133436342	0.121124728	0.208823064
Muscat_blanc	0.075871419	0.133667178	0.056578641	0.157967342	0.077842315	0.109449312	0.1109988	0.08695387	0.117600239	0.119076983	0.083651218	0.109804976	0.131707212	0.253062888	0.099793635	0.104430929	0.059808645	0.068069785	0.135817915	0.068536252	0.081802541	0.088972356	0.09048867	0.10046172	0.104149566	0.11160823	0.138933941	0.175203009	0.088840646	0.13416353	0.104662874	0.113362739	0.10491904	0.111681297	0.095388282	0.094859238	0.145818942	0.078725787	0	0.068244148	0.091156288	0.082211705	0.072759388	0.155628792	0.12321058	0.124336413	0.061332498	0.083622825	0.091874179	0.149612047	0.092347313	0.164990185	0.076196989	0.095429669	0.073143712	0.115145677	0.133454067	0.147245244	0.12164726	0.208546505
Muscat_hamburg	0.099448083	0.147109302	0.092712465	0.14496083	0.098115403	0.144820938	0.118442707	0.096297094	0.133713427	0.101869284	0.098685676	0.140712298	0.127900218	0.248342201	0.105093129	0.108695648	0.092134636	0.108869196	0.127789344	0.079296075	0.101589326	0.109186147	0.099041351	0.114417274	0.107019599	0.119342455	0.157471909	0.190447119	0.094756672	0.126580289	0.121092865	0.114274064	0.071966055	0.123810862	0.108488108	0.108047405	0.163626096	0.064505383	0.068244148	0	0.119514414	0.087982684	0.085213185	0.163001511	0.127626938	0.117047921	0.084029776	0.080529637	0.102863368	0.144845697	0.082094852	0.175325823	0.062420006	0.085479058	0.083811912	0.10240449	0.130372673	0.162070521	0.157165244	0.228664774
Muscat_of_alexandria	0.13113648	0.188501766	0.085285598	0.207570156	0.065034468	0.158043229	0.123144766	0.083709713	0.086071732	0.165375507	0.133939731	0.107758707	0.184558893	0.239051384	0.066806367	0.112790546	0.107959319	0.078747434	0.178997525	0.075771754	0.07521576	0.145367162	0.081406266	0.094022603	0.162311579	0.111359343	0.077261308	0.191841719	0.100361	0.147156052	0.083838547	0.16402309	0.127895778	0.159614418	0.103238166	0.08198121	0.09896273	0.113756409	0.091156288	0.119514414	0	0.104818328	0.085038603	0.19313178	0.155250603	0.170898216	0.100506399	0.101694575	0.09969172	0.202846864	0.132405504	0.208572484	0.107585812	0.150898424	0.077227431	0.155861845	0.183104067	0.192408595	0.129576717	0.165036322
Olivette_blanche	0.081508597	0.147359337	0.083664654	0.167777633	0.07967599	0.116409219	0.10143157	0.067057106	0.132777708	0.124707292	0.092910764	0.140374913	0.149368616	0.26284639	0.092767836	0.118179845	0.106606829	0.078514594	0.152728212	0.082972375	0.061440723	0.103815303	0.089907343	0.101161735	0.119567463	0.068029568	0.143160831	0.131114637	0.0913341	0.157254906	0.07125979	0.099798047	0.083124648	0.113487196	0.113486184	0.07258965	0.14936076	0.082762842	0.082211705	0.087982684	0.104818328	0	0.088346511	0.147284487	0.129549528	0.109087165	0.084996516	0.114311665	0.113322188	0.164199043	0.090104547	0.168184176	0.090526829	0.098850343	0.079920922	0.107145759	0.110448257	0.150579877	0.128471636	0.234562401
Olivette_noire	0.099443234	0.144213475	0.088921388	0.140728415	0.077776355	0.137006429	0.138122389	0.091281308	0.096842471	0.106252656	0.107688869	0.089707191	0.132169741	0.271229965	0.098845006	0.070007953	0.08145484	0.088068042	0.117828988	0.062262402	0.082599698	0.104287746	0.089173008	0.088668741	0.107491461	0.122336281	0.114493991	0.188062221	0.075775727	0.100787684	0.100708571	0.117853554	0.099727594	0.112698405	0.058535148	0.098710847	0.116099553	0.078172622	0.072759388	0.085213185	0.085038603	0.088346511	0	0.144035873	0.102497864	0.128723919	0.067628958	0.068142899	0.068242503	0.140022207	0.08650231	0.153001164	0.08276651	0.107094521	0.057905579	0.104246971	0.143492095	0.139298843	0.129987371	0.179648414
Perla_di_csaba	0.119134506	0.083067726	0.17176744	0.092908656	0.174232313	0.121787818	0.20624725	0.160680699	0.177594067	0.108904433	0.119734841	0.151804198	0.095925786	0.359789782	0.189934216	0.131530077	0.155219183	0.158705467	0.099467608	0.163020505	0.150029211	0.091065107	0.158226317	0.170184553	0.104398409	0.17161624	0.202536044	0.170129445	0.145378454	0.161123834	0.17530248	0.083794216	0.14976331	0.076290015	0.132151571	0.179522587	0.193470705	0.132520401	0.155628792	0.163001511	0.19313178	0.147284487	0.144035873	0	0.096814598	0.088278262	0.124531984	0.157521435	0.139528828	0.083565325	0.123809011	0.074074766	0.164066429	0.108722804	0.148609093	0.120567428	0.095308017	0.076219388	0.164491433	0.246792439
Perlette	0.100791416	0.094456197	0.143228768	0.10417115	0.146729114	0.127357586	0.198914802	0.146442235	0.158976101	0.091097783	0.127046953	0.128382801	0.085221293	0.336213083	0.162156921	0.101204107	0.135092047	0.12866558	0.092130404	0.140272782	0.138380616	0.083952806	0.149356463	0.132173103	0.073323077	0.166009207	0.172006466	0.187322306	0.12297172	0.116701194	0.159087092	0.10092947	0.125908814	0.071506176	0.108086912	0.160378248	0.169406084	0.101038695	0.12321058	0.127626938	0.155250603	0.129549528	0.102497864	0.096814598	0	0.095389215	0.090098915	0.122077447	0.107260702	0.089895176	0.126572768	0.101337457	0.142639284	0.087855228	0.106743328	0.082282844	0.11746793	0.088986147	0.151505185	0.218318095
Pinot_noir	0.081787766	0.076320703	0.140087691	0.110958186	0.144148936	0.098836175	0.177821312	0.130585981	0.176697332	0.093088565	0.104913684	0.160867242	0.080867737	0.327439533	0.160725328	0.130193139	0.146325103	0.133023568	0.120165171	0.135611163	0.127484563	0.068509706	0.137185878	0.148597301	0.084920896	0.137053811	0.194892991	0.144580437	0.137384565	0.157933132	0.146708175	0.073149566	0.107210422	0.067736003	0.13555442	0.150429407	0.188760046	0.104952224	0.124336413	0.117047921	0.170898216	0.109087165	0.128723919	0.088278262	0.095389215	0	0.095644629	0.14142888	0.126579253	0.101809141	0.107795258	0.120326167	0.134392589	0.071140303	0.127552072	0.083575439	0.041519961	0.099505255	0.153852694	0.263875207
Ribier	0.075173214	0.106340082	0.085245487	0.136680182	0.092720713	0.105035783	0.144513409	0.089352287	0.113157846	0.094889258	0.094135377	0.092568927	0.102547322	0.279804795	0.100706495	0.076247619	0.082149286	0.072217318	0.112334047	0.081498722	0.080537073	0.074837524	0.090273895	0.095358239	0.087312628	0.113765801	0.130328749	0.169025818	0.088450197	0.110080107	0.102064228	0.098624979	0.097321176	0.084405403	0.075231505	0.1052356	0.129063251	0.077463818	0.061332498	0.084029776	0.100506399	0.084996516	0.067628958	0.124531984	0.090098915	0.095644629	0	0.078346638	0.064753395	0.125590445	0.095323553	0.144147296	0.088754166	0.083473162	0.060623786	0.089580959	0.115620924	0.126805279	0.120372206	0.198933484
Saint_milion	0.121095469	0.155151697	0.106097887	0.139407522	0.097933261	0.159067859	0.143169259	0.092457713	0.07851404	0.106768275	0.110105967	0.082421863	0.133182532	0.265269564	0.095925946	0.07982617	0.073342823	0.101526035	0.116837916	0.085117949	0.097815463	0.118813419	0.092498075	0.092807613	0.122622561	0.138742024	0.116509931	0.207035255	0.073986995	0.099481433	0.123819536	0.127846222	0.096862776	0.121409541	0.059333113	0.121548453	0.11784838	0.071533724	0.083622825	0.080529637	0.101694575	0.114311665	0.068142899	0.157521435	0.122077447	0.14142888	0.078346638	0	0.079991799	0.146798506	0.100568952	0.162758761	0.083405117	0.110673007	0.076941461	0.124223541	0.161244041	0.159665557	0.140037872	0.165530473
Sauvignon_blanc	0.112206032	0.132511377	0.107464127	0.14693226	0.11061605	0.138158933	0.161821713	0.105833319	0.102651729	0.111448158	0.123417869	0.087390653	0.124433344	0.281376194	0.104539484	0.049056464	0.099955412	0.097288821	0.113463915	0.0846287	0.095304617	0.109547246	0.083761043	0.109214981	0.112086919	0.131860908	0.123174189	0.198262578	0.091300879	0.078378292	0.11181626	0.130344246	0.113135082	0.118126593	0.06327223	0.109504812	0.11847866	0.098402474	0.091874179	0.102863368	0.09969172	0.113322188	0.068242503	0.139528828	0.107260702	0.126579253	0.064753395	0.079991799	0	0.139526785	0.103977731	0.160158582	0.092259544	0.114309022	0.061125654	0.115223826	0.145474141	0.146940921	0.142212217	0.178454099
Sauvignon_vert	0.130517504	0.079971986	0.178294484	0.055851043	0.183372667	0.146104144	0.218486651	0.182707405	0.189527233	0.081389699	0.129286333	0.160528959	0.057158227	0.347708606	0.20250421	0.132649725	0.14819079	0.173760412	0.063196221	0.167227277	0.175553737	0.098707969	0.171982074	0.184299108	0.071810716	0.19697981	0.220061194	0.218187174	0.157739961	0.142725803	0.202652994	0.097824069	0.152613149	0.08931885	0.132692026	0.198021223	0.215218865	0.133877958	0.149612047	0.144845697	0.202846864	0.164199043	0.140022207	0.083565325	0.089895176	0.101809141	0.125590445	0.146798506	0.139526785	0	0.121686048	0.089229786	0.153857793	0.095119913	0.151079421	0.105439743	0.118794985	0.091439159	0.194335997	0.252867983
Smillon	0.103124848	0.133108757	0.114273395	0.121243419	0.102543161	0.13343101	0.115070876	0.101313831	0.126262222	0.090847942	0.073008034	0.133657924	0.122764122	0.269515967	0.121309599	0.105563832	0.091201976	0.120859917	0.107610443	0.078574452	0.094902732	0.096884523	0.083115157	0.137031206	0.103541043	0.112864754	0.159220418	0.175852688	0.095434125	0.136532719	0.12566248	0.091789713	0.091595321	0.112325496	0.093086707	0.108947645	0.163362006	0.084283772	0.092347313	0.082094852	0.132405504	0.090104547	0.08650231	0.123809011	0.126572768	0.107795258	0.095323553	0.100568952	0.103977731	0.121686048	0	0.144380303	0.065463389	0.08777186	0.09443025	0.111222277	0.113999533	0.135980243	0.159401726	0.223320262
Sylvaner	0.127575768	0.103455628	0.182892522	0.082449784	0.187841228	0.137142423	0.221254845	0.181110866	0.188007907	0.128058896	0.129319503	0.151632738	0.111279936	0.382640124	0.21388673	0.152622213	0.155430728	0.169964901	0.108858278	0.183236117	0.176526671	0.103025247	0.18418571	0.17766509	0.112557168	0.200813818	0.219486213	0.190334124	0.15686434	0.171409513	0.203209843	0.102457673	0.17034397	0.079790261	0.14106787	0.203552761	0.209847305	0.139727766	0.164990185	0.175325823	0.208572484	0.168184176	0.153001164	0.074074766	0.101337457	0.120326167	0.144147296	0.162758761	0.160158582	0.089229786	0.144380303	0	0.183624656	0.121541566	0.167062636	0.14456287	0.125247169	0.055528406	0.165251842	0.249307482
Syrah	0.117941919	0.156259482	0.099952234	0.158207424	0.093307787	0.151192762	0.1039358	0.095257725	0.114609312	0.105765584	0.098096294	0.132559877	0.139935915	0.228002969	0.088896469	0.100185173	0.082380904	0.108661505	0.127374158	0.064651398	0.090078561	0.117575858	0.0687074	0.128073443	0.117821542	0.110887482	0.142129531	0.197688604	0.09331	0.128126838	0.11434348	0.125885314	0.094012597	0.139054091	0.096010625	0.091804408	0.156340082	0.0886202	0.076196989	0.062420006	0.107585812	0.090526829	0.08276651	0.164066429	0.142639284	0.134392589	0.088754166	0.083405117	0.092259544	0.153857793	0.065463389	0.183624656	0	0.099239729	0.074487696	0.120432031	0.146057337	0.173984855	0.169345146	0.211468686
Tannat	0.079908749	0.090060449	0.12139454	0.107599413	0.129065639	0.111352193	0.151597319	0.122444126	0.155348286	0.075955152	0.078186472	0.145898618	0.075617094	0.294933886	0.142403698	0.118713809	0.110522612	0.117229285	0.09746122	0.119370167	0.120095488	0.060473304	0.120926779	0.140357635	0.059489558	0.136458361	0.182032141	0.170029014	0.116621234	0.140954297	0.147875672	0.071115146	0.097832644	0.073627512	0.116669501	0.139488799	0.188898768	0.078773051	0.095429669	0.085479058	0.150898424	0.098850343	0.107094521	0.108722804	0.087855228	0.071140303	0.083473162	0.110673007	0.114309022	0.095119913	0.08777186	0.121541566	0.099239729	0	0.104324821	0.08949414	0.087137022	0.112017773	0.160168512	0.241943332
